average: 1.380364e+01
st.dev.: 1.742202e-01
