average: 1.276757e+01
st.dev.: 1.711599e-01
